// ----------------------------------------------------\\
//        Hospedagem feita por Rodrigo                 \\
// 						       \\
// File  Name : MuServer1.08s6Epi3+itens Viciados      \\
// ViciadosMU: wWw.ViciadosMu.com.br                   \\
// Creditos: shop@viciadosmu.com.br | skype viciadosmu \\
// Disponibilizamos para ajudar a todos                \\
// Compre produtos ou jogue em nossos servidores       \\
// Shop ViciadosMu: wWw.Shop.ViciadosMu.com.br         \\
// --------------------------------------------------- \\
//Elf LALA

14 3 0 255 0 0 0 0
14 8 0 255 0 0 0 0
14 8 0 255 0 0 0 0
14 37 0 255 0 0 0 0
14 40 0 255 0 0 0 0

4 7 1 255 0 0 0 0 // Bolts+1
4 7 2 255 0 0 0 0 // Bolts+2
4 7 3 255 0 0 0 0 // Bolts+3
4 15 1 255 0 0 0 0 // Arrows+1
4 15 2 255 0 0 0 0 // Arrows+2
4 15 3 255 0 0 0 0 // Arrows+3

7 11 8 255 0 0 0 0
8 11 8 255 0 0 0 0
9 11 8 255 0 0 0 0
10 11 8 255 0 0 0 0
11 11 8 255 0 0 0 0

7 12 8 255 0 0 0 0
8 12 8 255 0 0 0 0
9 12 8 255 0 0 0 0
10 12 8 255 0 0 0 0
11 12 8 255 0 0 0 0

7 14 8 255 0 0 0 0
8 14 8 255 0 0 0 0
9 14 8 255 0 0 0 0
10 14 8 255 0 0 0 0
11 14 8 255 0 0 0 0

4 0 8 255 0 0 0 0
4 2 8 255 0 0 0 0
4 4 8 255 0 0 0 0
4 9 8 255 0 0 0 0


12 8 0 255 0 0 0 0
12 9 0 255 0 0 0 0
12 10 0 255 0 0 0 0
12 11 0 255 0 0 0 0 
12 11 1 255 0 0 0 0
12 11 2 255 0 0 0 0
12 11 3 255 0 0 0 0
12 11 4 255 0 0 0 0
12 17 0 255 0 0 0 0 
12 18 0 255 0 0 0 0 
12 45 0 255 0 0 0 0 

end
