// ----------------------------------------------------\\
//        Hospedagem feita por Rodrigo                 \\
// 						       \\
// File  Name : MuServer1.08s6Epi3+itens Viciados      \\
// ViciadosMU: wWw.ViciadosMu.com.br                   \\
// Creditos: shop@viciadosmu.com.br | skype viciadosmu \\
// Disponibilizamos para ajudar a todos                \\
// Compre produtos ou jogue em nossos servidores       \\
// Shop ViciadosMu: wWw.Shop.ViciadosMu.com.br         \\
// --------------------------------------------------- \\
// Moss 492
//////////////////////////////////////////////////////////////////////////////////////////////////////////////////////////
// 		Sword/Spears													//
//////////////////////////////////////////////////////////////////////////////////////////////////////////////////////////

0
3	5	4	0	0	0	0	0
3	2	4	0	0	0	0	0
3	6	4	0	0	0	0	0
3	1	4	0	0	0	0	0
3	7	4	0	0	0	0	0
end

//////////////////////////////////////////////////////////////////////////////////////////////////////////////////////////
// 		Staffs													//
//////////////////////////////////////////////////////////////////////////////////////////////////////////////////////////

1
13	71	0	0	0	0	0	0
13	72	0	0	0	0	0	0
13	73	0	0	0	0	0	0
13	74	0	0	0	0	0	0
13	75	0	0	0	0	0	0
end

//////////////////////////////////////////////////////////////////////////////////////////////////////////////////////////
// 		Bows/Crossbows												//
//////////////////////////////////////////////////////////////////////////////////////////////////////////////////////////

2
13	71	0	0	0	0	0	0
13	72	0	0	0	0	0	0
13	73	0	0	0	0	0	0
13	74	0	0	0	0	0	0
13	75	0	0	0	0	0	0
end

//////////////////////////////////////////////////////////////////////////////////////////////////////////////////////////
// 		Scepters												//
//////////////////////////////////////////////////////////////////////////////////////////////////////////////////////////

3
13	71	0	0	0	0	0	0
13	72	0	0	0	0	0	0
13	73	0	0	0	0	0	0
13	74	0	0	0	0	0	0
13	75	0	0	0	0	0	0
end

//////////////////////////////////////////////////////////////////////////////////////////////////////////////////////////
// 		Sticks													//
//////////////////////////////////////////////////////////////////////////////////////////////////////////////////////////

4
13	71	0	0	0	0	0	0
13	72	0	0	0	0	0	0
13	73	0	0	0	0	0	0
13	74	0	0	0	0	0	0
13	75	0	0	0	0	0	0
end